debug data IFFT lvl 5
  0 13.994000 6ff3b  0.000000 0
  1 3.288721 1a4f4  -0.000000 0
  2 -2.150710 7eecb6  0.000000 0
  3 2.564945 14850  -0.000000 0
  4 -1.332000 7f5582  0.000000 0
  5 0.213293 1b4d  0.000000 0
  6 1.329975 aa3c  -0.000000 0
  7 -4.221120 7de3b3  0.000000 0
  8 -2.002000 7effbf  0.000000 0
  9 2.048646 1063a  -0.000000 0
 10 2.053013 106c9  -0.000000 0
 11 0.218839 1c02  -0.000000 0
 12 -1.332000 7f5582  0.000000 0
 13 -1.113345 7f717e  -0.000000 0
 14 -3.896278 7e0d47  0.000000 0
 15 -2.999980 7e8001  0.000000 0
 16 0.666000 553f  0.000000 0
 17 -2.999980 7e8001  0.000000 0
 18 -3.896278 7e0d47  0.000000 0
 19 -1.113345 7f717e  0.000000 0
 20 -1.332000 7f5582  0.000000 0
 21 0.218839 1c02  -0.000000 0
 22 2.053013 106c9  -0.000000 0
 23 2.048646 1063a  -0.000000 0
 24 -2.002000 7effbf  0.000000 0
 25 -4.221120 7de3b3  0.000000 0
 26 1.329975 aa3c  -0.000000 0
 27 0.213293 1b4d  0.000000 0
 28 -1.332000 7f5582  0.000000 0
 29 2.564945 14850  -0.000000 0
 30 -2.150710 7eecb6  0.000000 0
 31 3.288721 1a4f4  -0.000000 0
 32 10.660000 5547a  0.000000 0
 33 2.734327 15dfe  -0.269308 7fdd88
 34 -1.496604 7f4070  0.297693 261a
 35 -1.584017 7f353f  0.480506 3d81
 36 -2.943280 7e8743  1.219147 9c0c
 37 0.519374 427a  -0.277611 7fdc78
 38 -1.067086 7f776a  0.713004 5b43
 39 0.838210 6b4a  -0.687901 7fa7f3
 40 1.334000 aac0  -1.334000 7f5540
 41 -1.636685 7f2e82  1.994307 ff45
 42 0.676952 56a6  -1.013130 7f7e52
 43 -0.740367 7fa13c  1.385128 b14b
 44 -1.056720 7f78be  2.551147 1468b
 45 -0.078722 7ff5ed  0.259513 2137
 46 -0.777262 7f9c83  3.907559 1f42a
 47 -0.052118 7ff955  0.529168 43bb
 48 0.000000 0  0.000000 0
 49 -0.052118 7ff955  -0.529168 7fbc45
 50 -0.777262 7f9c83  -3.907559 7e0bd6
 51 -0.078722 7ff5ed  -0.259513 7fdec9
 52 -1.056720 7f78be  -2.551147 7eb975
 53 -0.740367 7fa13c  -1.385128 7f4eb5
 54 0.676952 56a6  1.013130 81ae
 55 -1.636685 7f2e82  -1.994307 7f00bb
 56 1.334000 aac0  1.334000 aac0
 57 0.838210 6b4a  0.687901 580d
 58 -1.067086 7f776a  -0.713004 7fa4bd
 59 0.519374 427a  0.277611 2388
 60 -2.943280 7e8743  -1.219147 7f63f4
 61 -1.584017 7f353f  -0.480506 7fc27f
 62 -1.496604 7f4070  -0.297693 7fd9e6
 63 2.734327 15dfe  0.269308 2278
 64 1.000000 8000  0.000000 0
 65 -0.923880 7f89bf  -0.382683 7fcf05
 66 0.707107 5a82  0.707107 5a82
 67 -0.382683 7fcf05  -0.923880 7f89bf
 68 0.000000 0  1.000000 8000
 69 0.382683 30fb  -0.923880 7f89bf
 70 -0.707107 7fa57e  0.707107 5a82
 71 0.923880 7641  -0.382683 7fcf05
 72 -1.000000 7f8000  0.000000 0
 73 0.923880 7641  0.382683 30fb
 74 -0.707107 7fa57e  -0.707107 7fa57e
 75 0.382683 30fb  0.923880 7641
 76 -0.000000 0  -1.000000 7f8000
 77 -0.382683 7fcf05  0.923880 7641
 78 0.707107 5a82  -0.707107 7fa57e
 79 -0.923880 7f89bf  0.382683 30fb
 80 1.000000 8000  0.000000 0
 81 -0.923880 7f89bf  -0.382683 7fcf05
 82 0.707107 5a82  0.707107 5a82
 83 -0.382683 7fcf05  -0.923880 7f89bf
 84 0.000000 0  1.000000 8000
 85 0.382683 30fb  -0.923880 7f89bf
 86 -0.707107 7fa57e  0.707107 5a82
 87 0.923880 7641  -0.382683 7fcf05
 88 -1.000000 7f8000  0.000000 0
 89 0.923880 7641  0.382683 30fb
 90 -0.707107 7fa57e  -0.707107 7fa57e
 91 0.382683 30fb  0.923880 7641
 92 -0.000000 0  -1.000000 7f8000
 93 -0.382683 7fcf05  0.923880 7641
 94 0.707107 5a82  -0.707107 7fa57e
 95 -0.923880 7f89bf  0.382683 30fb
 96 1.000000 8000  0.000000 0
 97 -0.831470 7f9593  0.555570 471c
 98 0.382683 30fb  -0.923880 7f89bf
 99 0.195090 18f8  0.980785 7d8a
100 -0.707107 7fa57e  -0.707107 7fa57e
101 0.980785 7d8a  0.195090 18f8
102 -0.923880 7f89bf  0.382683 30fb
103 0.555570 471c  -0.831470 7f9593
104 0.000000 0  1.000000 8000
105 -0.555570 7fb8e4  -0.831470 7f9593
106 0.923880 7641  0.382683 30fb
107 -0.980785 7f8276  0.195090 18f8
108 0.707107 5a82  -0.707107 7fa57e
109 -0.195090 7fe708  0.980785 7d8a
110 -0.382683 7fcf05  -0.923880 7f89bf
111 0.831470 6a6d  0.555570 471c
112 -1.000000 7f8000  0.000000 0
113 0.831470 6a6d  -0.555570 7fb8e4
114 -0.382683 7fcf05  0.923880 7641
115 -0.195090 7fe708  -0.980785 7f8276
116 0.707107 5a82  0.707107 5a82
117 -0.980785 7f8276  -0.195090 7fe708
118 0.923880 7641  -0.382683 7fcf05
119 -0.555570 7fb8e4  0.831470 6a6d
120 -0.000000 0  -1.000000 7f8000
121 0.555570 471c  0.831470 6a6d
122 -0.923880 7f89bf  -0.382683 7fcf05
123 0.980785 7d8a  -0.195090 7fe708
124 -0.707107 7fa57e  0.707107 5a82
125 0.195090 18f8  -0.980785 7f8276
126 0.382683 30fb  0.923880 7641
127 -0.831470 7f9593  -0.555570 7fb8e4
